start with initial picked point: (1060, 650)
1054 649
1054 649
1054 650
1052 651
1052 650
1051 650
1052 651
1052 651
1052 651
1053 651
1052 652
1051 650
1051 651
1051 652
1051 652
1051 651
1051 651
1052 652
1052 652
1052 652
1053 652
1055 652
1056 651
1060 651
1060 652
1059 651
1058 652
1058 652
1056 652
1056 653
1055 653
1053 653
1055 653
1055 652
1055 652
1054 651
1054 652
1054 652
1054 652
1054 652
1054 652
1054 651
1054 652
1055 651
1055 652
1055 652
1055 653
1055 652
1054 652
1054 652
1055 652
1055 652
1055 651
1055 652
1056 651
1056 652
1058 651
1058 651
1055 651
1055 649
1055 651
1055 650
1054 651
1054 650
1053 650
1054 650
1053 649
1053 650
1054 650
1054 651
1054 650
1054 648
1056 651
1057 650
1057 651
1056 651
1054 651
1054 651
1053 650
1053 650
1054 651
1055 651
1055 650
1055 650
1055 650
1055 650
1055 649
1054 649
1054 649
1054 648
1052 648
1052 649
1052 648
1052 648
1052 648
1052 648
1052 649
1052 648
1052 648
1052 648
1051 648
1051 647
1051 646
1049 646
1049 646
1049 646
1049 647
1049 646
1047 645
1044 645
1044 645
1044 645
1036 644
1036 644
1034 644
1030 643
1028 644
1025 644
1022 644
1019 644
1016 644
1014 644
1009 644
1006 644
1005 643
1000 644
998 645
996 644
993 644
991 644
988 643
986 643
983 644
982 643
980 643
978 643
976 644
974 643
974 645
973 646
970 646
970 649
968 649
968 651
965 651
965 653
965 654
963 655
963 656
963 659
963 660
962 661
962 661
960 662
960 664
960 664
958 664
958 666
957 665
956 665
956 665
956 666
955 666
955 666
954 665
953 665
951 665
950 665
950 664
949 665
949 665
948 665
948 665
948 665
945 665
945 664
943 664
943 664
944 663
943 663
942 664
942 663
941 663
941 662
939 663
940 663
939 662
937 663
938 663
938 663
938 664
938 664
938 663
937 663
937 663
937 664
938 663
938 663
938 664
938 664
937 663
938 663
938 663
939 664
939 663
939 664
939 664
939 663
940 663
940 664
942 664
942 663
943 664
943 664
943 664
944 664
944 664
944 664
944 664
945 664
945 664
946 664
946 664
947 665
947 664
947 665
948 665
949 665
949 666
950 665
952 665
952 665
954 667
954 666
958 667
959 668
961 669
962 670
965 670
966 670
968 671
970 672
972 673
974 673
977 675
979 675
981 676
984 677
987 679
989 680
993 681
995 682
998 682
1001 684
1003 685
1007 686
1009 686
1012 688
1014 688
1016 689
1019 690
1020 691
1021 692
1024 692
1026 693
1028 694
1029 696
1032 696
1033 697
1036 697
1037 698
1037 699
1038 698
1040 699
1040 699
1041 699
1042 699
1043 699
1043 700
1044 700
1044 700
1047 701
1045 701
1047 701
1046 701
1047 701
1046 701
1048 702
1048 701
1048 702
1048 703
1048 702
1050 702
1050 703
1052 703
1052 702
1054 703
1056 703
1060 703
1063 704
1066 703
1069 703
1072 703
1075 703
1079 703
1083 702
1087 702
1093 702
1098 703
1103 702
1108 702
1115 702
1121 702
1129 702
1135 702
1142 703
1149 702
1156 702
1164 702
1171 701
1179 701
1188 702
1196 701
1204 702
1212 702
1222 702
1232 702
1241 701
1249 701
1256 701
1262 700
1269 700
1275 701
1281 700
1287 701
1291 701
1297 702
1302 701
1306 702
1308 702
1310 702
1313 702
1315 702
1318 702
1320 702
1321 702
1321 702
1325 702
1325 703
1327 702
1329 702
1329 703
1329 703
1330 702
1330 702
1331 702
1331 702
1331 702
1332 702
1332 701
1332 702
1332 701
1332 701
1334 701
1334 700
1334 699
1334 699
1334 699
1334 698
1334 697
1333 697
1333 696
1333 695
1333 695
1333 695
1330 694
1330 693
1328 692
1328 691
1328 690
1326 690
1326 689
1326 689
1325 688
1325 687
1325 686
1323 685
1323 684
1322 684
1322 684
1320 683
1320 682
1320 682
1319 681
1318 681
1318 681
1317 681
1316 680
1316 680
1315 679
1315 679
1315 679
1314 678
1313 678
1313 678
1312 678
1312 677
1311 677
1310 677
1309 676
1307 676
1307 675
1305 675
1304 675
1303 674
1301 675
1300 673
1299 672
1297 673
1296 671
1295 670
1294 670
1291 668
1289 669
1287 668
1286 667
1286 666
1284 665
1281 664
1281 664
1277 662
1277 662
1272 661
1272 660
1269 659
1267 657
1265 657
1265 655
1261 655
1261 653
1258 653
1255 650
1253 650
1250 648
1248 647
1247 646
1243 644
1242 643
1239 642
1238 640
1233 639
1232 637
1230 636
1225 635
1224 633
1221 632
1218 631
1216 628
1213 627
1210 626
1209 624
1206 622
1203 620
1199 620
1196 617
1194 615
1192 613
1188 612
1185 611
1183 608
1179 606
1176 605
1174 603
1171 601
1166 599
1165 597
1162 596
1155 591
1152 590
1149 588
1147 585
1144 585
1141 581
1136 580
1135 579
1133 575
1127 574
1126 572
1122 570
1117 567
1116 566
1114 565
1110 563
1107 561
1103 559
1102 558
1100 556
1096 553
1095 553
1093 551
1090 549
1090 549
1087 548
1087 547
1086 547
1084 546
1084 545
1083 544
1083 544
1082 544
1080 541
1080 542
1079 541
1076 540
1076 540
1074 539
1072 539
1068 538
1068 538
1066 537
1065 536
1063 535
1060 535
1054 535
1052 535
1047 535
1043 535
1038 534
1033 534
1029 534
1026 533
1019 534
1009 534
1004 535
997 535
988 535
982 536
977 536
968 536
957 537
946 538
937 538
928 538
918 540
907 541
907 541
891 540
880 541
870 542
860 543
847 545
836 546
825 547
814 548
803 549
793 550
780 551
770 552
758 553
749 553
737 554
726 554
715 556
705 557
695 558
683 560
672 560
657 562
647 564
636 563
626 564
615 565
607 567
597 568
586 567
579 568
572 570
563 570
557 570
550 572
544 572
539 573
534 573
530 576
527 575
525 578
520 578
516 577
516 579
514 580
511 580
510 580
510 580
505 580
504 580
503 581
499 581
496 580
492 580
490 580
487 581
484 581
481 581
476 581
472 581
468 581
464 580
459 580
454 580
449 581
444 581
439 581
432 581
426 581
423 581
418 581
413 580
410 580
407 580
402 580
399 580
396 580
393 579
393 580
388 579
387 580
385 580
383 580
383 580
381 578
379 578
378 579
378 579
377 578
376 578
375 578
373 577
373 577
373 577
373 578
373 576
373 576
374 577
375 576
375 576
378 576
381 577
384 577
388 577
391 577
396 578
401 577
406 578
412 578
418 577
426 578
434 579
443 580
452 580
461 580
470 580
481 581
493 582
503 581
514 581
526 583
538 583
551 584
564 585
576 585
589 586
601 586
613 587
626 587
638 588
651 590
664 590
677 591
689 592
701 593
714 593
727 595
738 596
752 597
763 599
776 600
787 601
798 602
811 602
821 603
830 605
841 605
852 607
862 609
874 609
883 611
892 612
902 613
911 613
920 615
929 616
937 617
945 619
954 620
962 621
971 623
977 623
986 625
993 626
1002 628
1009 629
1017 629
1023 630
1030 631
1036 633
1043 633
1047 634
1055 635
1061 635
1067 637
1074 639
1080 641
1085 641
1090 642
1095 644
1099 645
1106 646
1112 648
1118 649
1121 650
1128 651
1133 653
1138 654
1145 656
1150 658
1156 660
1162 661
1167 663
1171 663
1176 666
1182 668
1186 669
1192 672
1198 674
1201 676
1206 677
1211 679
1215 681
1221 683
1225 684
1231 686
1234 689
1239 690
1243 692
1248 694
1253 696
1257 697
1261 700
1265 701
1269 703
1274 706
1277 707
1281 709
1285 712
1290 714
1294 716
1297 717
1300 718
1303 720
1306 722
1309 724
1312 726
1314 727
1318 730
1322 731
1325 734
1327 735
1330 737
1331 739
1334 740
1336 742
1337 744
1342 744
1342 746
1343 748
1346 749
1348 750
1349 751
1353 752
1354 754
1355 754
1356 754
1357 756
1357 757
1358 758
1359 758
1361 758
1362 759
1361 759
1361 759
1361 760
1362 761
1362 761
1363 762
1363 762
1362 762
1362 762
1362 762
1363 762
1363 762
1363 763
1362 763
1362 763
1362 763
1362 764
1362 764
1361 764
1361 764
1360 764
1360 764
1360 764
1359 765
1358 765
1356 765
1354 766
1352 766
1350 766
1348 766
1345 766
1343 766
1339 766
1334 766
1331 766
1326 766
1322 765
1317 765
1311 766
1306 766
1301 766
1296 766
1290 766
1281 766
1274 766
1268 767
1262 767
1256 767
1249 766
1241 765
1234 765
1225 766
1219 766
1211 766
1205 765
1197 766
1190 766
1181 766
1174 765
1168 765
1162 766
1154 766
1149 766
1142 766
1138 766
1132 766
1127 766
1123 766
1119 766
1116 766
1113 767
1110 768
1109 767
1106 768
1104 768
1101 769
1100 768
1097 768
1095 768
1093 768
1091 768
1089 768
1089 768
1086 768
1084 769
1083 768
1082 768
1080 768
1078 768
1077 768
1075 767
1073 767
1067 767
1064 767
1060 767
1057 767
1053 767
1050 767
1046 766
1042 766
1039 766
1034 766
1029 766
1024 765
1019 765
1015 765
1012 765
1007 764
1001 764
997 764
994 764
990 763
986 763
983 764
981 764
978 764
975 764
972 763
970 764
968 763
966 764
964 763
962 763
961 764
960 764
960 764
960 764
958 764
958 764
958 765
956 764
956 765
955 765
954 765
953 765
952 765
952 764
951 764
951 765
949 764
949 764
947 764
946 764
944 764
944 763
943 762
941 762
940 761
938 761
936 761
934 760
932 761
929 760
928 760
927 758
923 759
921 758
917 757
916 756
912 755
908 755
904 754
901 752
895 752
891 751
887 750
882 750
877 749
871 747
863 747
860 746
854 744
848 743
839 743
833 742
826 741
823 740
816 738
811 737
800 736
795 733
787 734
783 733
777 732
773 731
767 729
763 729
759 728
755 727
751 726
747 727
743 726
741 725
737 725
736 726
733 725
732 725
731 724
730 725
729 725
728 724
727 724
726 724
725 723
724 723
724 723
723 723
721 722
722 722
721 721
720 721
719 721
719 722
719 722
719 721
718 722
718 721
719 721
717 721
717 720
717 720
718 721
717 720
718 721
717 721
717 722
719 722
719 722
717 722
718 723
718 724
718 724
718 724
718 724
718 725
718 725
717 724
718 725
718 725
718 725
718 725
719 725
719 725
719 726
719 726
719 726
721 726
721 727
719 727
720 727
720 727
722 727
721 727
721 727
720 728
720 728
721 728
722 728
721 727
721 728
724 727
724 728
724 729
723 729
725 729
724 729
725 730
724 729
725 729
726 730
727 730
728 729
729 730
730 730
733 730
734 729
734 730
738 730
741 729
744 728
748 730
750 729
757 730
759 729
762 728
768 729
773 730
776 730
781 730
785 729
789 729
795 729
801 730
806 728
813 728
818 730
823 730
826 730
833 730
839 730
846 729
852 730
858 730
861 730
866 730
874 730
880 730
887 730
892 730
896 730
901 730
906 730
911 731
915 731
920 731
920 731
926 732
930 732
933 732
937 732
940 732
944 732
948 731
951 731
953 733
955 732
956 733
958 732
959 733
963 734
965 734
966 733
967 733
966 733
968 733
968 733
968 732
968 732
967 732
966 732
965 731
964 731
962 731
960 730
958 730
957 729
957 729
952 728
948 728
946 726
945 725
940 725
936 725
932 724
928 723
925 722
919 721
914 721
909 718
903 718
901 717
894 716
891 714
887 713
878 712
872 711
864 710
860 708
852 707
845 706
838 704
833 704
827 702
818 700
811 699
804 698
799 695
788 695
783 693
775 692
767 690
758 688
752 686
742 686
731 683
724 682
717 679
708 678
700 677
691 675
682 673
671 671
662 670
654 668
644 666
635 664
625 662
615 660
607 658
598 656
588 654
580 653
572 651
564 648
555 647
548 645
541 643
534 642
528 640
522 639
516 637
512 636
509 636
505 635
501 635
499 634
497 632
494 631
492 630
490 629
488 628
486 628
485 626
484 625
483 625
482 624
480 623
480 623
479 621
478 621
477 620
477 620
476 619
476 619
476 618
475 618
475 618
475 617
473 617
474 617
474 616
474 617
474 616
474 616
474 616
474 616
474 617
474 616
474 616
475 617
475 616
474 617
475 617
475 618
475 617
475 618
475 617
477 619
477 619
478 619
479 620
481 620
481 620
483 621
485 621
488 622
489 623
492 624
494 625
497 626
500 626
504 628
507 629
510 630
515 632
518 633
524 635
529 636
534 637
539 638
544 641
550 642
555 644
562 646
568 648
574 650
580 651
586 653
592 655
598 657
605 659
611 661
618 662
624 665
630 666
638 668
644 670
651 672
655 674
661 675
669 676
676 678
682 680
687 682
693 684
699 685
704 686
709 689
716 691
723 692
730 694
736 696
741 698
746 700
752 702
756 702
763 704
769 706
776 708
780 709
784 711
790 712
794 714
801 716
806 717
812 719
815 721
820 723
824 724
830 726
836 727
840 728
846 730
850 732
855 733
860 734
862 736
869 738
872 740
878 741
882 743
887 744
889 746
894 747
899 749
904 751
908 753
912 753
917 755
920 756
925 758
929 760
933 761
937 763
942 764
945 765
949 767
952 767
955 769
959 771
962 772
967 773
971 775
974 776
977 777
982 779
986 780
990 781
994 783
998 784
1001 785
1004 786
1008 788
1011 789
1015 791
1018 792
1021 792
1025 794
1028 795
1032 797
1035 798
1039 799
1042 800
1045 801
1049 802
1053 803
1056 805
1058 806
1063 807
1065 808
1069 809
1072 810
1076 811
1079 812
1082 813
1085 814
1088 815
1092 816
1093 816
1096 818
1100 818
1100 819
1103 820
1105 821
1108 822
1111 822
1111 823
1112 824
1114 824
1115 825
1116 825
1118 825
1119 825
1120 826
1121 826
1122 827
1122 827
1123 827
1123 827
1124 828
1124 828
1125 828
1125 828
1125 829
1125 828
1125 828
1125 828
1125 829
1125 829
1126 829
1126 829
1126 829
1126 829
1126 829
1126 829
1125 829
1126 829
1126 829
1126 828
1125 827
1126 826
1126 826
1126 825
1126 824
1126 823
1126 822
1126 821
1126 820
1126 819
1126 817
1125 817
1126 815
1126 814
1126 812
1126 810
1126 809
1127 808
1126 806
1126 805
1126 803
1126 802
1126 801
1126 799
1126 798
1126 796
1126 795
1126 793
1126 791
1125 790
1126 788
1126 787
1127 785
1126 784
1126 782
1127 781
1126 780
1125 778
1125 777
1125 775
1125 774
1125 772
1125 771
1126 769
1125 768
1125 766
1125 764
1126 763
1126 761
1126 759
1126 758
1126 756
1125 754
1125 753
1126 751
1126 749
1126 746
1127 745
1127 743
1127 742
1128 740
1126 737
1127 736
1126 734
1128 732
1128 731
1128 729
1127 728
1127 726
1128 723
1128 722
1127 719
1128 717
1128 716
1128 714
1127 712
1127 710
1127 708
1126 706
1127 704
1127 703
1128 700
1127 698
1128 696
1129 695
1127 694
1128 693
1128 692
1128 692
1128 691
1127 691
1128 691
1128 691
1128 690
1127 690
1128 690
1128 690
1129 690
1128 690
1128 690
1128 691
1127 691
1128 690
1128 690
1129 691
1129 691
1128 691
1129 691
1128 692
1128 692
1127 692
1127 692
1127 692
1126 692
1126 692
1126 692
1126 693
1126 692
1127 693
1127 693
1127 693
1127 692
1127 693
1127 692
1126 693
1126 692
1126 692
1126 692
1125 692
1124 691
1123 691
1121 691
1120 690
1119 692
1119 690
1116 690
1114 689
1114 689
1112 688
1110 688
1108 686
1107 685
1103 685
1101 684
1098 684
1096 682
1093 682
1091 680
1088 680
1085 679
1082 678
1079 676
1076 676
1073 674
1071 673
1066 672
1061 672
1060 669
1054 669
1051 667
1047 666
1044 664
1038 664
1035 662
1032 660
1027 659
1023 658
1021 656
1016 655
1010 654
1007 652
1002 650
998 649
992 647
988 645
983 643
978 642
973 641
969 639
964 637
959 635
954 632
949 630
942 629
938 627
934 624
927 622
920 620
914 618
909 616
902 613
895 611
890 608
884 606
878 603
871 601
865 597
857 595
849 592
843 590
835 586
828 583
820 581
813 577
804 574
797 571
790 567
782 563
774 561
767 556
760 554
752 550
745 547
738 543
731 541
724 536
718 533
711 531
704 528
698 525
693 523
688 520
682 517
676 515
673 513
668 511
665 509
662 507
657 505
655 504
652 503
649 501
648 500
646 500
645 499
644 497
643 496
642 494
642 494
641 491
640 491
639 489
638 488
638 487
637 486
637 485
637 484
636 483
636 482
634 481
634 480
635 480
635 479
635 478
635 478
635 478
635 477
635 477
635 476
635 477
635 476
635 476
636 475
636 475
636 475
637 475
637 475
638 475
639 475
638 475
639 475
639 475
640 475
640 475
640 475
641 475
642 475
642 475
643 475
644 476
644 476
643 478
644 479
644 481
644 482
644 485
645 488
645 490
645 493
645 496
645 498
646 501
646 503
646 506
645 508
645 512
645 515
645 519
645 522
645 525
645 529
644 534
644 538
643 543
643 547
644 550
644 555
643 558
643 562
643 564
643 567
643 568
643 570
643 571
643 573
643 573
643 574
644 574
643 574
643 574
643 575
642 574
642 575
642 574
640 574
641 574
641 574
640 573
640 573
640 573
640 573
640 572
639 572
frames used for background subtraction (only in the beginning): 30
read in frames: 1800
draw out frames: 1770
