start with initial picked point: (1240, 550)
1241 551
1241 551
1241 551
1242 551
1242 550
1242 551
1241 550
1241 551
1242 551
1241 551
1241 551
1241 551
1241 551
1238 551
1238 551
1238 551
1240 551
1240 551
1238 552
1240 552
1241 551
1242 550
1243 552
1242 552
1244 551
1243 554
1243 553
1244 553
1242 554
1243 554
1244 552
1245 553
1245 553
1243 553
1243 553
1243 554
1241 552
1242 552
1242 552
1240 552
1241 552
1241 552
1240 552
1241 552
1242 553
1242 552
1242 553
1240 552
1240 551
1240 551
1240 550
1240 550
1248 553
1249 553
1248 553
1248 553
1248 553
1248 553
1248 554
1248 553
1248 553
1248 553
1248 553
1249 553
1249 554
1249 553
1249 554
1250 554
1250 554
1250 554
1250 554
1251 554
1251 554
1251 554
1251 554
1251 554
1251 554
1250 554
1250 554
1250 554
1250 554
1251 554
1251 555
1252 555
1251 554
1252 552
1253 552
1251 552
1251 552
1252 552
1251 552
1251 552
1251 551
1251 552
1248 551
1248 551
1245 550
1245 551
1245 551
1245 551
1245 551
1245 551
1244 551
1242 550
1242 550
1241 550
1241 550
1241 550
1241 552
1241 552
1242 553
1242 554
1246 555
1246 556
1246 557
1244 556
1244 557
1244 557
1244 556
1243 555
1244 554
1244 553
1244 552
1247 553
1246 553
1246 552
1245 553
1244 553
1244 554
1243 553
1243 552
1243 551
1243 551
1243 552
1243 551
1244 551
1245 550
1245 552
1245 552
1246 552
1246 553
1246 553
1245 553
1244 552
1247 550
1247 551
1245 550
1244 550
1243 550
1243 550
1244 551
1243 550
1243 550
1243 549
1243 548
1242 549
1242 548
1243 548
1244 547
1245 547
1245 547
1246 547
1248 546
1247 545
1247 546
1247 545
1247 545
1247 545
1247 544
1248 544
1248 544
1248 544
1248 543
1249 543
1249 543
1249 543
1249 542
1250 542
1250 542
1250 542
1251 542
1251 542
1251 542
1251 541
1251 541
1251 541
1251 541
1251 541
1251 540
1251 540
1251 539
1251 539
1250 538
1249 538
1249 538
1248 537
1248 536
1247 535
1247 535
1246 534
1244 534
1241 534
1237 532
1231 530
1223 530
1222 529
1217 529
1212 529
1209 529
1203 528
1199 527
1196 528
1193 527
1190 527
1187 526
1185 526
1182 526
1181 526
1178 525
1178 525
1176 526
1175 527
1174 527
1173 528
1171 530
1169 532
1167 534
1166 536
1166 537
1166 538
1165 540
1164 541
1163 542
1163 544
1161 545
1160 547
1159 548
1158 549
1158 549
1158 550
1158 550
1156 550
1156 551
1155 551
1154 551
1153 551
1152 551
1152 551
1151 551
1149 551
1149 551
1147 551
1146 550
1144 550
1143 550
1142 549
1141 549
1140 549
1139 548
1138 547
1137 547
1136 547
1135 547
1134 546
1134 546
1132 546
1131 547
1130 546
1130 546
1130 546
1129 546
1128 546
1127 546
1127 546
1125 546
1125 546
1125 546
1124 546
1124 546
1122 546
1122 546
1122 547
1122 546
1122 546
1122 546
1122 546
1122 547
1122 547
1122 548
1122 548
1122 548
1122 548
1122 548
1122 548
1122 548
1122 548
1122 548
1122 548
1122 548
1122 548
1122 548
1123 549
1123 549
1123 549
1123 549
1124 550
1124 550
1124 550
1124 550
1124 551
1124 552
1126 552
1126 553
1126 553
1127 555
1127 555
1127 556
1127 557
1127 558
1127 560
1127 561
1126 562
1126 564
1126 566
1125 567
1125 569
1125 571
1124 573
1124 574
1124 576
1123 578
1123 579
1122 581
1121 584
1121 586
1120 588
1120 589
1119 592
1119 593
1119 595
1118 597
1117 599
1117 601
1116 602
1116 604
1116 606
1115 607
1115 608
1115 610
1115 611
1115 612
1114 613
1114 614
1114 615
1114 616
1114 616
1114 617
1113 617
1113 618
1113 618
1113 619
1113 619
1113 619
1112 619
1112 620
1112 620
1112 620
1112 621
1112 621
1112 622
1112 622
1112 622
1113 623
1114 623
1114 623
1116 624
1117 624
1120 624
1121 625
1123 625
1126 625
1130 625
1134 626
1137 626
1141 627
1146 627
1150 627
1155 628
1162 628
1168 628
1174 628
1181 629
1188 630
1196 629
1204 630
1212 631
1219 630
1229 631
1238 631
1247 632
1257 633
1267 633
1277 634
1287 634
1298 634
1309 636
1319 636
1328 637
1339 636
1350 636
1358 637
1367 638
1375 638
1382 639
1390 640
1398 640
1403 641
1410 641
1415 641
1421 641
1425 642
1430 642
1434 642
1438 643
1440 643
1442 644
1446 643
1448 644
1450 644
1451 644
1452 644
1455 644
1456 644
1456 644
1458 644
1459 644
1459 644
1460 644
1460 644
1461 644
1462 643
1463 643
1463 643
1463 643
1464 642
1465 642
1465 641
1466 641
1466 641
1467 640
1467 640
1468 639
1469 638
1470 638
1470 637
1470 636
1472 635
1473 634
1473 633
1474 633
1475 632
1475 630
1476 629
1477 628
1478 627
1479 626
1481 625
1482 624
1483 622
1484 621
1485 620
1485 620
1486 619
1487 618
1488 618
1489 616
1490 616
1490 615
1491 615
1491 614
1491 614
1492 613
1492 613
1493 612
1494 612
1494 611
1495 610
1496 609
1497 609
1497 609
1498 608
1499 607
1500 606
1501 606
1502 605
1502 605
1504 604
1505 602
1507 602
1508 600
1509 599
1511 599
1512 597
1513 596
1516 595
1517 593
1519 592
1521 591
1522 590
1524 588
1526 588
1528 586
1530 584
1533 583
1533 581
1537 579
1540 577
1541 575
1545 574
1547 572
1548 569
1550 567
1552 565
1555 563
1558 559
1561 556
1563 555
1566 552
1570 551
1573 548
1576 546
1579 544
1582 540
1586 538
1589 535
1592 532
1596 529
1599 527
1603 524
1607 520
1610 518
1615 515
1619 512
1622 509
1627 506
1631 504
1636 500
1639 497
1642 494
1646 490
1651 487
1655 484
1659 480
1664 478
1668 473
1672 470
1677 466
1681 463
1686 460
1692 457
1696 453
1701 450
1707 447
1711 442
1716 437
1720 434
1725 430
1730 426
1735 421
1740 418
1745 413
1751 410
1755 407
1761 401
1765 398
1770 396
1774 392
1779 388
1783 385
1786 383
1789 381
1793 376
1795 375
1798 373
1801 370
1803 368
1805 366
1806 365
1808 362
1809 360
1811 359
1812 358
1813 356
1815 355
1815 353
1816 352
1817 350
1818 349
1818 348
1818 346
1818 345
1818 344
1818 342
1818 341
1816 340
1816 338
1813 337
1810 336
1807 335
1804 333
1800 332
1795 331
1790 330
1784 328
1777 327
1770 326
1762 325
1754 323
1745 322
1734 321
1724 319
1713 318
1701 317
1689 315
1676 314
1663 312
1649 311
1635 309
1620 308
1606 306
1589 305
1574 304
1558 303
1541 301
1525 300
1508 298
1490 296
1474 295
1455 294
1436 292
1417 292
1398 290
1379 289
1364 288
1344 287
1323 286
1306 285
1282 284
1263 283
1244 282
1224 281
1206 280
1187 278
1166 277
1147 277
1127 276
1110 276
1092 274
1075 273
1058 273
1044 273
1029 273
1017 273
1005 273
993 272
983 273
973 272
965 272
957 272
951 272
944 271
938 271
934 271
929 270
925 270
919 270
913 269
908 269
903 269
896 268
891 268
884 267
878 266
871 265
863 264
854 263
847 262
839 260
829 259
820 258
810 257
801 255
789 254
780 253
765 251
756 249
748 248
740 247
730 246
721 244
712 242
703 241
696 240
689 239
682 238
677 237
671 236
666 235
662 235
657 234
653 233
650 232
647 231
644 230
642 230
639 229
637 228
635 227
633 226
632 226
630 225
629 225
628 225
627 225
627 225
626 225
626 225
627 226
629 227
633 229
637 231
642 232
647 234
654 237
662 240
670 243
679 247
689 250
700 254
712 257
725 261
739 266
752 271
767 275
782 279
797 284
813 289
827 294
844 299
859 304
876 309
891 313
908 318
924 324
940 328
957 334
973 340
986 344
1003 349
1019 355
1035 361
1047 365
1062 370
1076 375
1089 380
1102 385
1115 390
1127 395
1140 399
1152 404
1163 408
1175 413
1186 417
1196 422
1207 426
1216 431
1226 435
1236 439
1245 443
1254 447
1262 451
1270 454
1278 459
1286 462
1293 466
1301 469
1309 473
1313 477
1319 479
1325 483
1332 486
1338 489
1343 491
1348 495
1353 497
1358 500
1364 504
1366 507
1371 509
1375 511
1379 514
1383 517
1386 519
1391 522
1393 525
1396 527
1399 530
1401 533
1403 536
1405 538
1406 541
1407 545
1408 547
1409 550
1409 553
1409 556
1409 559
1409 563
1409 566
1408 569
1407 573
1406 576
1405 579
1404 582
1402 586
1401 588
1398 592
1397 595
1395 599
1393 602
1390 606
1388 609
1385 612
1383 615
1380 619
1378 622
1374 625
1371 629
1368 631
1365 634
1364 637
1361 640
1358 643
1355 647
1352 650
1349 653
1346 656
1343 659
1340 661
1336 665
1333 667
1330 670
1326 673
1323 676
1320 679
1316 682
1312 684
1309 687
1307 689
1303 692
1301 695
1298 697
1295 700
1293 702
1290 704
1288 706
1285 708
1283 710
1281 711
1278 713
1277 715
1275 716
1274 717
1272 719
1270 720
1269 721
1268 722
1267 723
1265 724
1264 725
1263 725
1262 726
1261 727
1260 727
1259 727
1259 728
1258 728
1257 728
1256 729
1256 729
1255 729
1255 730
1254 729
1254 730
1254 730
1253 730
1253 730
1253 731
1252 731
1252 731
1252 731
1251 731
1250 731
1249 731
1248 731
1246 732
1244 732
1242 732
1239 732
1237 732
1234 732
1231 732
1227 732
1223 731
1218 731
1214 731
1209 731
1203 731
1198 730
1192 730
1187 729
1180 729
1173 729
1168 728
1160 728
1152 728
1145 727
1138 727
1130 726
1123 726
1114 725
1107 725
1098 725
1089 724
1080 724
1072 724
1063 723
1055 723
1047 722
1038 722
1030 722
1023 722
1016 721
1009 721
1002 721
996 721
990 721
985 721
979 721
975 721
972 721
967 721
964 721
961 721
958 721
955 721
953 721
950 721
949 721
947 721
945 721
942 721
941 720
938 720
936 721
933 720
931 720
928 720
925 720
922 720
919 719
915 719
912 719
907 718
903 717
899 717
894 717
889 716
884 716
879 715
874 715
868 714
862 713
856 713
849 712
844 711
838 711
832 710
826 710
821 710
816 710
811 709
805 708
801 709
797 708
792 708
788 708
786 708
782 708
779 708
776 708
774 708
771 708
770 707
768 708
766 707
765 707
764 707
763 707
762 707
760 707
759 707
758 707
757 706
756 706
755 706
754 706
753 706
752 706
752 706
750 705
749 705
748 705
747 704
746 703
745 703
743 703
742 701
740 701
739 700
737 700
735 698
733 698
731 697
728 696
727 695
724 694
722 693
719 691
715 689
712 688
709 686
705 685
702 683
697 682
692 679
688 678
684 676
679 674
675 671
670 669
664 667
659 664
653 662
648 660
642 657
637 654
631 651
625 649
620 646
614 643
609 641
604 639
599 636
594 634
589 632
585 631
581 629
577 628
573 627
570 626
567 624
564 624
562 623
560 622
558 621
557 620
555 619
554 618
552 618
551 617
550 617
550 616
549 616
548 615
547 614
547 614
546 613
546 613
546 612
545 612
545 612
545 612
545 611
544 611
544 611
544 611
544 611
544 611
544 611
544 612
544 612
544 612
544 612
544 612
544 613
544 613
544 613
544 613
544 614
544 614
544 614
544 614
544 615
544 615
544 615
544 616
544 616
544 616
544 617
544 617
544 617
544 618
544 618
544 618
544 618
544 619
544 619
544 619
544 619
544 619
545 620
545 620
545 620
545 620
545 620
545 621
545 621
545 621
546 621
546 622
546 622
546 622
547 623
547 623
548 623
549 623
550 623
551 624
553 624
555 624
557 625
560 625
563 625
565 626
569 626
573 626
577 626
582 627
587 627
592 628
598 628
603 628
609 629
616 629
622 630
629 630
636 631
644 632
651 632
659 632
667 633
675 634
683 634
692 635
700 635
707 636
717 637
725 637
733 638
739 639
749 639
758 640
766 641
775 641
783 642
792 643
799 644
807 645
814 646
821 646
827 647
834 647
840 648
846 648
851 649
857 649
862 650
866 651
871 651
876 652
879 652
885 653
889 653
892 654
896 654
900 654
904 654
907 654
910 654
913 654
916 654
918 654
920 653
922 653
925 653
927 652
929 652
931 651
932 650
934 649
935 648
936 647
936 647
938 646
937 645
937 643
938 642
938 641
938 639
937 638
936 636
936 635
935 633
934 631
933 629
932 627
929 625
928 622
926 620
923 618
922 615
919 613
917 610
915 607
912 604
909 601
907 598
904 595
900 591
897 588
894 584
890 581
887 577
883 574
878 570
875 567
870 562
866 558
861 554
857 550
852 545
847 541
841 537
836 532
831 528
826 523
822 518
816 514
811 508
805 503
798 498
792 493
785 488
780 482
772 476
764 470
758 464
753 459
746 453
739 447
733 441
727 436
722 430
715 425
709 419
704 414
699 409
694 405
689 401
685 397
681 393
677 389
673 387
671 384
668 381
665 378
663 375
661 373
660 371
659 368
658 366
657 363
656 361
655 359
654 357
653 356
653 355
653 352
652 351
652 350
651 349
650 348
650 347
650 346
650 345
650 345
650 344
650 343
650 343
650 343
650 343
650 342
650 342
650 342
650 342
650 342
650 342
650 342
650 342
650 342
650 343
650 343
650 343
650 344
650 345
650 345
650 346
650 346
650 347
650 348
650 349
652 350
652 353
652 354
652 357
653 359
653 361
654 364
656 367
656 370
656 374
657 379
658 382
659 386
659 390
661 395
662 399
663 404
664 409
665 414
666 419
668 424
669 429
670 434
671 440
673 445
674 451
674 455
676 460
677 466
678 471
680 476
681 481
682 486
682 490
683 495
684 501
685 505
687 510
687 515
688 520
689 524
689 530
690 533
692 538
692 542
693 547
694 551
694 555
695 559
696 563
697 567
698 571
698 575
699 580
700 583
701 587
701 591
702 595
702 598
703 602
703 605
704 609
704 613
705 616
705 619
705 623
706 626
706 630
707 633
708 636
709 640
709 643
710 646
711 649
711 653
712 656
713 659
713 662
713 665
714 668
714 671
714 674
715 677
715 679
716 682
716 685
717 688
717 691
718 694
718 696
719 698
719 702
719 703
720 707
720 709
721 711
721 713
722 716
723 718
724 721
724 723
725 725
726 727
726 730
726 732
727 734
728 736
728 739
729 741
729 743
730 744
731 747
731 749
732 751
733 753
733 755
734 756
735 759
735 760
735 762
737 764
737 766
738 768
739 770
740 771
740 773
741 775
742 777
742 778
743 780
744 781
744 783
746 785
746 787
747 787
747 789
748 790
748 791
749 792
750 793
750 795
751 796
751 797
752 797
752 798
752 799
753 800
753 801
753 801
753 802
753 803
754 803
754 803
754 804
754 804
754 805
755 805
754 805
754 806
754 806
755 806
755 806
754 806
755 807
754 807
754 807
754 807
754 807
754 807
754 807
754 807
754 807
754 807
754 807
754 806
754 806
754 806
754 805
754 804
754 803
754 802
754 801
754 800
754 798
754 797
754 796
754 794
755 793
754 792
755 790
755 789
755 787
755 785
755 784
755 782
755 780
756 779
756 777
756 775
756 774
756 772
757 770
757 769
756 767
756 765
757 763
757 762
757 760
757 758
757 757
757 755
757 753
757 751
758 750
758 748
758 746
758 745
758 743
758 741
758 740
758 737
758 736
759 734
759 733
759 731
759 729
758 727
759 725
759 723
759 721
759 719
760 717
759 715
759 713
760 711
760 709
760 707
760 705
761 703
760 700
760 698
761 696
761 694
761 692
761 690
761 688
762 686
762 684
762 682
762 680
762 678
763 675
762 673
763 671
762 669
763 667
763 665
763 662
763 660
763 659
763 656
764 655
764 654
764 653
763 652
764 652
764 652
764 651
764 650
764 650
764 650
764 650
764 650
763 650
763 650
763 650
763 650
763 650
763 650
763 651
763 651
763 651
763 651
763 651
763 652
763 652
763 652
763 652
762 652
762 652
762 653
762 653
763 653
763 653
762 653
762 653
762 653
762 653
762 653
762 653
762 653
762 653
762 652
761 651
761 652
761 651
761 650
760 650
759 649
759 649
758 648
757 647
757 647
756 646
755 645
755 644
754 643
753 642
752 640
751 639
750 638
749 636
748 635
746 632
745 631
744 630
742 627
741 626
739 624
738 623
736 620
735 619
733 615
731 615
730 612
728 611
727 609
725 606
724 604
722 602
720 599
718 597
716 595
715 592
713 590
712 587
710 584
707 581
705 578
703 575
702 572
700 569
698 566
696 563
694 560
692 556
689 552
687 549
685 545
683 541
681 537
678 533
676 529
674 525
671 520
669 516
667 511
663 506
661 501
659 496
655 491
653 486
650 480
647 475
644 469
641 463
638 457
635 451
632 445
628 438
625 432
621 425
618 418
614 410
611 403
607 396
604 389
601 381
598 375
594 368
591 361
588 354
585 348
582 341
580 336
577 329
574 324
572 318
569 313
566 307
564 302
562 298
560 293
558 289
556 285
555 282
554 279
552 276
551 274
549 271
549 268
548 266
547 264
547 262
547 259
546 257
546 256
546 253
546 251
546 249
546 248
546 246
546 244
frames used for background subtraction (only in the beginning): 30
read in frames: 1795
draw out frames: 1765
