start with initial picked point: (1240, 550), Output: frame, x, y
1 1241 551
2 1241 551
3 1241 551
4 1242 551
5 1242 550
6 1242 551
7 1241 550
8 1241 551
9 1242 551
10 1241 551
11 1241 551
12 1241 551
13 1241 551
14 1238 551
15 1238 551
16 1238 551
17 1240 551
18 1240 551
19 1238 552
20 1240 552
21 1241 551
22 1242 550
23 1243 552
24 1242 552
25 1244 551
26 1243 554
27 1243 553
28 1244 553
29 1242 554
30 1243 554
31 1244 552
32 1245 553
33 1245 553
34 1243 553
35 1243 553
36 1243 554
37 1241 552
38 1242 552
39 1242 552
40 1240 552
41 1241 552
42 1241 552
43 1240 552
44 1241 552
45 1242 553
46 1242 552
47 1242 553
48 1240 552
49 1240 551
50 1240 551
51 1240 550
52 1240 550
53 1248 553
54 1249 553
55 1248 553
56 1248 553
57 1248 553
58 1248 553
59 1248 554
60 1248 553
61 1248 553
62 1248 553
63 1248 553
64 1249 553
65 1249 554
66 1249 553
67 1249 554
68 1250 554
69 1250 554
70 1250 554
71 1250 554
72 1251 554
73 1251 554
74 1251 554
75 1251 554
76 1251 554
77 1251 554
78 1250 554
79 1250 554
80 1250 554
81 1250 554
82 1251 554
83 1251 555
84 1252 555
85 1251 554
86 1252 552
87 1253 552
88 1251 552
89 1251 552
90 1252 552
91 1251 552
92 1251 552
93 1251 551
94 1251 552
95 1248 551
96 1248 551
97 1245 550
98 1245 551
99 1245 551
100 1245 551
101 1245 551
102 1245 551
103 1244 551
104 1242 550
105 1242 550
106 1241 550
107 1241 550
108 1241 550
109 1241 552
110 1241 552
111 1242 553
112 1242 554
113 1246 555
114 1246 556
115 1246 557
116 1244 556
117 1244 557
118 1244 557
119 1244 556
120 1243 555
121 1244 554
122 1244 553
123 1244 552
124 1247 553
125 1246 553
126 1246 552
127 1245 553
128 1244 553
129 1244 554
130 1243 553
131 1243 552
132 1243 551
133 1243 551
134 1243 552
135 1243 551
136 1244 551
137 1245 550
138 1245 552
139 1245 552
140 1246 552
141 1246 553
142 1246 553
143 1245 553
144 1244 552
145 1247 550
146 1247 551
147 1245 550
148 1244 550
149 1243 550
150 1243 550
151 1244 551
152 1243 550
153 1243 550
154 1243 549
155 1243 548
156 1242 549
157 1242 548
158 1243 548
159 1244 547
160 1245 547
161 1245 547
162 1246 547
163 1248 546
164 1247 545
165 1247 546
166 1247 545
167 1247 545
168 1247 545
169 1247 544
170 1248 544
171 1248 544
172 1248 544
173 1248 543
174 1249 543
175 1249 543
176 1249 543
177 1249 542
178 1250 542
179 1250 542
180 1250 542
181 1251 542
182 1251 542
183 1251 542
184 1251 541
185 1251 541
186 1251 541
187 1251 541
188 1251 541
189 1251 540
190 1251 540
191 1251 539
192 1251 539
193 1250 538
194 1249 538
195 1249 538
196 1248 537
197 1248 536
198 1247 535
199 1247 535
200 1246 534
201 1244 534
202 1241 534
203 1237 532
204 1231 530
205 1223 530
206 1222 529
207 1217 529
208 1212 529
209 1209 529
210 1203 528
211 1199 527
212 1196 528
213 1193 527
214 1190 527
215 1187 526
216 1185 526
217 1182 526
218 1181 526
219 1178 525
220 1178 525
221 1176 526
222 1175 527
223 1174 527
224 1173 528
225 1171 530
226 1169 532
227 1167 534
228 1166 536
229 1166 537
230 1166 538
231 1165 540
232 1164 541
233 1163 542
234 1163 544
235 1161 545
236 1160 547
237 1159 548
238 1158 549
239 1158 549
240 1158 550
241 1158 550
242 1156 550
243 1156 551
244 1155 551
245 1154 551
246 1153 551
247 1152 551
248 1152 551
249 1151 551
250 1149 551
251 1149 551
252 1147 551
253 1146 550
254 1144 550
255 1143 550
256 1142 549
257 1141 549
258 1140 549
259 1139 548
260 1138 547
261 1137 547
262 1136 547
263 1135 547
264 1134 546
265 1134 546
266 1132 546
267 1131 547
268 1130 546
269 1130 546
270 1130 546
271 1129 546
272 1128 546
273 1127 546
274 1127 546
275 1125 546
276 1125 546
277 1125 546
278 1124 546
279 1124 546
280 1122 546
281 1122 546
282 1122 547
283 1122 546
284 1122 546
285 1122 546
286 1122 546
287 1122 547
288 1122 547
289 1122 548
290 1122 548
291 1122 548
292 1122 548
293 1122 548
294 1122 548
295 1122 548
296 1122 548
297 1122 548
298 1122 548
299 1122 548
300 1122 548
301 1122 548
302 1123 549
303 1123 549
304 1123 549
305 1123 549
306 1124 550
307 1124 550
308 1124 550
309 1124 550
310 1124 551
311 1124 552
312 1126 552
313 1126 553
314 1126 553
315 1127 555
316 1127 555
317 1127 556
318 1127 557
319 1127 558
320 1127 560
321 1127 561
322 1126 562
323 1126 564
324 1126 566
325 1125 567
326 1125 569
327 1125 571
328 1124 573
329 1124 574
330 1124 576
331 1123 578
332 1123 579
333 1122 581
334 1121 584
335 1121 586
336 1120 588
337 1120 589
338 1119 592
339 1119 593
340 1119 595
341 1118 597
342 1117 599
343 1117 601
344 1116 602
345 1116 604
346 1116 606
347 1115 607
348 1115 608
349 1115 610
350 1115 611
351 1115 612
352 1114 613
353 1114 614
354 1114 615
355 1114 616
356 1114 616
357 1114 617
358 1113 617
359 1113 618
360 1113 618
361 1113 619
362 1113 619
363 1113 619
364 1112 619
365 1112 620
366 1112 620
367 1112 620
368 1112 621
369 1112 621
370 1112 622
371 1112 622
372 1112 622
373 1113 623
374 1114 623
375 1114 623
376 1116 624
377 1117 624
378 1120 624
379 1121 625
380 1123 625
381 1126 625
382 1130 625
383 1134 626
384 1137 626
385 1141 627
386 1146 627
387 1150 627
388 1155 628
389 1162 628
390 1168 628
391 1174 628
392 1181 629
393 1188 630
394 1196 629
395 1204 630
396 1212 631
397 1219 630
398 1229 631
399 1238 631
400 1247 632
401 1257 633
402 1267 633
403 1277 634
404 1287 634
405 1298 634
406 1309 636
407 1319 636
408 1328 637
409 1339 636
410 1350 636
411 1358 637
412 1367 638
413 1375 638
414 1382 639
415 1390 640
416 1398 640
417 1403 641
418 1410 641
419 1415 641
420 1421 641
421 1425 642
422 1430 642
423 1434 642
424 1438 643
425 1440 643
426 1442 644
427 1446 643
428 1448 644
429 1450 644
430 1451 644
431 1452 644
432 1455 644
433 1456 644
434 1456 644
435 1458 644
436 1459 644
437 1459 644
438 1460 644
439 1460 644
440 1461 644
441 1462 643
442 1463 643
443 1463 643
444 1463 643
445 1464 642
446 1465 642
447 1465 641
448 1466 641
449 1466 641
450 1467 640
451 1467 640
452 1468 639
453 1469 638
454 1470 638
455 1470 637
456 1470 636
457 1472 635
458 1473 634
459 1473 633
460 1474 633
461 1475 632
462 1475 630
463 1476 629
464 1477 628
465 1478 627
466 1479 626
467 1481 625
468 1482 624
469 1483 622
470 1484 621
471 1485 620
472 1485 620
473 1486 619
474 1487 618
475 1488 618
476 1489 616
477 1490 616
478 1490 615
479 1491 615
480 1491 614
481 1491 614
482 1492 613
483 1492 613
484 1493 612
485 1494 612
486 1494 611
487 1495 610
488 1496 609
489 1497 609
490 1497 609
491 1498 608
492 1499 607
493 1500 606
494 1501 606
495 1502 605
496 1502 605
497 1504 604
498 1505 602
499 1507 602
500 1508 600
501 1509 599
502 1511 599
503 1512 597
504 1513 596
505 1516 595
506 1517 593
507 1519 592
508 1521 591
509 1522 590
510 1524 588
511 1526 588
512 1528 586
513 1530 584
514 1533 583
515 1533 581
516 1537 579
517 1540 577
518 1541 575
519 1545 574
520 1547 572
521 1548 569
522 1550 567
523 1552 565
524 1555 563
525 1558 559
526 1561 556
527 1563 555
528 1566 552
529 1570 551
530 1573 548
531 1576 546
532 1579 544
533 1582 540
534 1586 538
535 1589 535
536 1592 532
537 1596 529
538 1599 527
539 1603 524
540 1607 520
541 1610 518
542 1615 515
543 1619 512
544 1622 509
545 1627 506
546 1631 504
547 1636 500
548 1639 497
549 1642 494
550 1646 490
551 1651 487
552 1655 484
553 1659 480
554 1664 478
555 1668 473
556 1672 470
557 1677 466
558 1681 463
559 1686 460
560 1692 457
561 1696 453
562 1701 450
563 1707 447
564 1711 442
565 1716 437
566 1720 434
567 1725 430
568 1730 426
569 1735 421
570 1740 418
571 1745 413
572 1751 410
573 1755 407
574 1761 401
575 1765 398
576 1770 396
577 1774 392
578 1779 388
579 1783 385
580 1786 383
581 1789 381
582 1793 376
583 1795 375
584 1798 373
585 1801 370
586 1803 368
587 1805 366
588 1806 365
589 1808 362
590 1809 360
591 1811 359
592 1812 358
593 1813 356
594 1815 355
595 1815 353
596 1816 352
597 1817 350
598 1818 349
599 1818 348
600 1818 346
601 1818 345
602 1818 344
603 1818 342
604 1818 341
605 1816 340
606 1816 338
607 1813 337
608 1810 336
609 1807 335
610 1804 333
611 1800 332
612 1795 331
613 1790 330
614 1784 328
615 1777 327
616 1770 326
617 1762 325
618 1754 323
619 1745 322
620 1734 321
621 1724 319
622 1713 318
623 1701 317
624 1689 315
625 1676 314
626 1663 312
627 1649 311
628 1635 309
629 1620 308
630 1606 306
631 1589 305
632 1574 304
633 1558 303
634 1541 301
635 1525 300
636 1508 298
637 1490 296
638 1474 295
639 1455 294
640 1436 292
641 1417 292
642 1398 290
643 1379 289
644 1364 288
645 1344 287
646 1323 286
647 1306 285
648 1282 284
649 1263 283
650 1244 282
651 1224 281
652 1206 280
653 1187 278
654 1166 277
655 1147 277
656 1127 276
657 1110 276
658 1092 274
659 1075 273
660 1058 273
661 1044 273
662 1029 273
663 1017 273
664 1005 273
665 993 272
666 983 273
667 973 272
668 965 272
669 957 272
670 951 272
671 944 271
672 938 271
673 934 271
674 929 270
675 925 270
676 919 270
677 913 269
678 908 269
679 903 269
680 896 268
681 891 268
682 884 267
683 878 266
684 871 265
685 863 264
686 854 263
687 847 262
688 839 260
689 829 259
690 820 258
691 810 257
692 801 255
693 789 254
694 780 253
695 765 251
696 756 249
697 748 248
698 740 247
699 730 246
700 721 244
701 712 242
702 703 241
703 696 240
704 689 239
705 682 238
706 677 237
707 671 236
708 666 235
709 662 235
710 657 234
711 653 233
712 650 232
713 647 231
714 644 230
715 642 230
716 639 229
717 637 228
718 635 227
719 633 226
720 632 226
721 630 225
722 629 225
723 628 225
724 627 225
725 627 225
726 626 225
727 626 225
728 627 226
729 629 227
730 633 229
731 637 231
732 642 232
733 647 234
734 654 237
735 662 240
736 670 243
737 679 247
738 689 250
739 700 254
740 712 257
741 725 261
742 739 266
743 752 271
744 767 275
745 782 279
746 797 284
747 813 289
748 827 294
749 844 299
750 859 304
751 876 309
752 891 313
753 908 318
754 924 324
755 940 328
756 957 334
757 973 340
758 986 344
759 1003 349
760 1019 355
761 1035 361
762 1047 365
763 1062 370
764 1076 375
765 1089 380
766 1102 385
767 1115 390
768 1127 395
769 1140 399
770 1152 404
771 1163 408
772 1175 413
773 1186 417
774 1196 422
775 1207 426
776 1216 431
777 1226 435
778 1236 439
779 1245 443
780 1254 447
781 1262 451
782 1270 454
783 1278 459
784 1286 462
785 1293 466
786 1301 469
787 1309 473
788 1313 477
789 1319 479
790 1325 483
791 1332 486
792 1338 489
793 1343 491
794 1348 495
795 1353 497
796 1358 500
797 1364 504
798 1366 507
799 1371 509
800 1375 511
801 1379 514
802 1383 517
803 1386 519
804 1391 522
805 1393 525
806 1396 527
807 1399 530
808 1401 533
809 1403 536
810 1405 538
811 1406 541
812 1407 545
813 1408 547
814 1409 550
815 1409 553
816 1409 556
817 1409 559
818 1409 563
819 1409 566
820 1408 569
821 1407 573
822 1406 576
823 1405 579
824 1404 582
825 1402 586
826 1401 588
827 1398 592
828 1397 595
829 1395 599
830 1393 602
831 1390 606
832 1388 609
833 1385 612
834 1383 615
835 1380 619
836 1378 622
837 1374 625
838 1371 629
839 1368 631
840 1365 634
841 1364 637
842 1361 640
843 1358 643
844 1355 647
845 1352 650
846 1349 653
847 1346 656
848 1343 659
849 1340 661
850 1336 665
851 1333 667
852 1330 670
853 1326 673
854 1323 676
855 1320 679
856 1316 682
857 1312 684
858 1309 687
859 1307 689
860 1303 692
861 1301 695
862 1298 697
863 1295 700
864 1293 702
865 1290 704
866 1288 706
867 1285 708
868 1283 710
869 1281 711
870 1278 713
871 1277 715
872 1275 716
873 1274 717
874 1272 719
875 1270 720
876 1269 721
877 1268 722
878 1267 723
879 1265 724
880 1264 725
881 1263 725
882 1262 726
883 1261 727
884 1260 727
885 1259 727
886 1259 728
887 1258 728
888 1257 728
889 1256 729
890 1256 729
891 1255 729
892 1255 730
893 1254 729
894 1254 730
895 1254 730
896 1253 730
897 1253 730
898 1253 731
899 1252 731
900 1252 731
901 1252 731
902 1251 731
903 1250 731
904 1249 731
905 1248 731
906 1246 732
907 1244 732
908 1242 732
909 1239 732
910 1237 732
911 1234 732
912 1231 732
913 1227 732
914 1223 731
915 1218 731
916 1214 731
917 1209 731
918 1203 731
919 1198 730
920 1192 730
921 1187 729
922 1180 729
923 1173 729
924 1168 728
925 1160 728
926 1152 728
927 1145 727
928 1138 727
929 1130 726
930 1123 726
931 1114 725
932 1107 725
933 1098 725
934 1089 724
935 1080 724
936 1072 724
937 1063 723
938 1055 723
939 1047 722
940 1038 722
941 1030 722
942 1023 722
943 1016 721
944 1009 721
945 1002 721
946 996 721
947 990 721
948 985 721
949 979 721
950 975 721
951 972 721
952 967 721
953 964 721
954 961 721
955 958 721
956 955 721
957 953 721
958 950 721
959 949 721
960 947 721
961 945 721
962 942 721
963 941 720
964 938 720
965 936 721
966 933 720
967 931 720
968 928 720
969 925 720
970 922 720
971 919 719
972 915 719
973 912 719
974 907 718
975 903 717
976 899 717
977 894 717
978 889 716
979 884 716
980 879 715
981 874 715
982 868 714
983 862 713
984 856 713
985 849 712
986 844 711
987 838 711
988 832 710
989 826 710
990 821 710
991 816 710
992 811 709
993 805 708
994 801 709
995 797 708
996 792 708
997 788 708
998 786 708
999 782 708
1000 779 708
1001 776 708
1002 774 708
1003 771 708
1004 770 707
1005 768 708
1006 766 707
1007 765 707
1008 764 707
1009 763 707
1010 762 707
1011 760 707
1012 759 707
1013 758 707
1014 757 706
1015 756 706
1016 755 706
1017 754 706
1018 753 706
1019 752 706
1020 752 706
1021 750 705
1022 749 705
1023 748 705
1024 747 704
1025 746 703
1026 745 703
1027 743 703
1028 742 701
1029 740 701
1030 739 700
1031 737 700
1032 735 698
1033 733 698
1034 731 697
1035 728 696
1036 727 695
1037 724 694
1038 722 693
1039 719 691
1040 715 689
1041 712 688
1042 709 686
1043 705 685
1044 702 683
1045 697 682
1046 692 679
1047 688 678
1048 684 676
1049 679 674
1050 675 671
1051 670 669
1052 664 667
1053 659 664
1054 653 662
1055 648 660
1056 642 657
1057 637 654
1058 631 651
1059 625 649
1060 620 646
1061 614 643
1062 609 641
1063 604 639
1064 599 636
1065 594 634
1066 589 632
1067 585 631
1068 581 629
1069 577 628
1070 573 627
1071 570 626
1072 567 624
1073 564 624
1074 562 623
1075 560 622
1076 558 621
1077 557 620
1078 555 619
1079 554 618
1080 552 618
1081 551 617
1082 550 617
1083 550 616
1084 549 616
1085 548 615
1086 547 614
1087 547 614
1088 546 613
1089 546 613
1090 546 612
1091 545 612
1092 545 612
1093 545 612
1094 545 611
1095 544 611
1096 544 611
1097 544 611
1098 544 611
1099 544 611
1100 544 611
1101 544 612
1102 544 612
1103 544 612
1104 544 612
1105 544 612
1106 544 613
1107 544 613
1108 544 613
1109 544 613
1110 544 614
1111 544 614
1112 544 614
1113 544 614
1114 544 615
1115 544 615
1116 544 615
1117 544 616
1118 544 616
1119 544 616
1120 544 617
1121 544 617
1122 544 617
1123 544 618
1124 544 618
1125 544 618
1126 544 618
1127 544 619
1128 544 619
1129 544 619
1130 544 619
1131 544 619
1132 545 620
1133 545 620
1134 545 620
1135 545 620
1136 545 620
1137 545 621
1138 545 621
1139 545 621
1140 546 621
1141 546 622
1142 546 622
1143 546 622
1144 547 623
1145 547 623
1146 548 623
1147 549 623
1148 550 623
1149 551 624
1150 553 624
1151 555 624
1152 557 625
1153 560 625
1154 563 625
1155 565 626
1156 569 626
1157 573 626
1158 577 626
1159 582 627
1160 587 627
1161 592 628
1162 598 628
1163 603 628
1164 609 629
1165 616 629
1166 622 630
1167 629 630
1168 636 631
1169 644 632
1170 651 632
1171 659 632
1172 667 633
1173 675 634
1174 683 634
1175 692 635
1176 700 635
1177 707 636
1178 717 637
1179 725 637
1180 733 638
1181 739 639
1182 749 639
1183 758 640
1184 766 641
1185 775 641
1186 783 642
1187 792 643
1188 799 644
1189 807 645
1190 814 646
1191 821 646
1192 827 647
1193 834 647
1194 840 648
1195 846 648
1196 851 649
1197 857 649
1198 862 650
1199 866 651
1200 871 651
1201 876 652
1202 879 652
1203 885 653
1204 889 653
1205 892 654
1206 896 654
1207 900 654
1208 904 654
1209 907 654
1210 910 654
1211 913 654
1212 916 654
1213 918 654
1214 920 653
1215 922 653
1216 925 653
1217 927 652
1218 929 652
1219 931 651
1220 932 650
1221 934 649
1222 935 648
1223 936 647
1224 936 647
1225 938 646
1226 937 645
1227 937 643
1228 938 642
1229 938 641
1230 938 639
1231 937 638
1232 936 636
1233 936 635
1234 935 633
1235 934 631
1236 933 629
1237 932 627
1238 929 625
1239 928 622
1240 926 620
1241 923 618
1242 922 615
1243 919 613
1244 917 610
1245 915 607
1246 912 604
1247 909 601
1248 907 598
1249 904 595
1250 900 591
1251 897 588
1252 894 584
1253 890 581
1254 887 577
1255 883 574
1256 878 570
1257 875 567
1258 870 562
1259 866 558
1260 861 554
1261 857 550
1262 852 545
1263 847 541
1264 841 537
1265 836 532
1266 831 528
1267 826 523
1268 822 518
1269 816 514
1270 811 508
1271 805 503
1272 798 498
1273 792 493
1274 785 488
1275 780 482
1276 772 476
1277 764 470
1278 758 464
1279 753 459
1280 746 453
1281 739 447
1282 733 441
1283 727 436
1284 722 430
1285 715 425
1286 709 419
1287 704 414
1288 699 409
1289 694 405
1290 689 401
1291 685 397
1292 681 393
1293 677 389
1294 673 387
1295 671 384
1296 668 381
1297 665 378
1298 663 375
1299 661 373
1300 660 371
1301 659 368
1302 658 366
1303 657 363
1304 656 361
1305 655 359
1306 654 357
1307 653 356
1308 653 355
1309 653 352
1310 652 351
1311 652 350
1312 651 349
1313 650 348
1314 650 347
1315 650 346
1316 650 345
1317 650 345
1318 650 344
1319 650 343
1320 650 343
1321 650 343
1322 650 343
1323 650 342
1324 650 342
1325 650 342
1326 650 342
1327 650 342
1328 650 342
1329 650 342
1330 650 342
1331 650 342
1332 650 343
1333 650 343
1334 650 343
1335 650 344
1336 650 345
1337 650 345
1338 650 346
1339 650 346
1340 650 347
1341 650 348
1342 650 349
1343 652 350
1344 652 353
1345 652 354
1346 652 357
1347 653 359
1348 653 361
1349 654 364
1350 656 367
1351 656 370
1352 656 374
1353 657 379
1354 658 382
1355 659 386
1356 659 390
1357 661 395
1358 662 399
1359 663 404
1360 664 409
1361 665 414
1362 666 419
1363 668 424
1364 669 429
1365 670 434
1366 671 440
1367 673 445
1368 674 451
1369 674 455
1370 676 460
1371 677 466
1372 678 471
1373 680 476
1374 681 481
1375 682 486
1376 682 490
1377 683 495
1378 684 501
1379 685 505
1380 687 510
1381 687 515
1382 688 520
1383 689 524
1384 689 530
1385 690 533
1386 692 538
1387 692 542
1388 693 547
1389 694 551
1390 694 555
1391 695 559
1392 696 563
1393 697 567
1394 698 571
1395 698 575
1396 699 580
1397 700 583
1398 701 587
1399 701 591
1400 702 595
1401 702 598
1402 703 602
1403 703 605
1404 704 609
1405 704 613
1406 705 616
1407 705 619
1408 705 623
1409 706 626
1410 706 630
1411 707 633
1412 708 636
1413 709 640
1414 709 643
1415 710 646
1416 711 649
1417 711 653
1418 712 656
1419 713 659
1420 713 662
1421 713 665
1422 714 668
1423 714 671
1424 714 674
1425 715 677
1426 715 679
1427 716 682
1428 716 685
1429 717 688
1430 717 691
1431 718 694
1432 718 696
1433 719 698
1434 719 702
1435 719 703
1436 720 707
1437 720 709
1438 721 711
1439 721 713
1440 722 716
1441 723 718
1442 724 721
1443 724 723
1444 725 725
1445 726 727
1446 726 730
1447 726 732
1448 727 734
1449 728 736
1450 728 739
1451 729 741
1452 729 743
1453 730 744
1454 731 747
1455 731 749
1456 732 751
1457 733 753
1458 733 755
1459 734 756
1460 735 759
1461 735 760
1462 735 762
1463 737 764
1464 737 766
1465 738 768
1466 739 770
1467 740 771
1468 740 773
1469 741 775
1470 742 777
1471 742 778
1472 743 780
1473 744 781
1474 744 783
1475 746 785
1476 746 787
1477 747 787
1478 747 789
1479 748 790
1480 748 791
1481 749 792
1482 750 793
1483 750 795
1484 751 796
1485 751 797
1486 752 797
1487 752 798
1488 752 799
1489 753 800
1490 753 801
1491 753 801
1492 753 802
1493 753 803
1494 754 803
1495 754 803
1496 754 804
1497 754 804
1498 754 805
1499 755 805
1500 754 805
1501 754 806
1502 754 806
1503 755 806
1504 755 806
1505 754 806
1506 755 807
1507 754 807
1508 754 807
1509 754 807
1510 754 807
1511 754 807
1512 754 807
1513 754 807
1514 754 807
1515 754 807
1516 754 807
1517 754 806
1518 754 806
1519 754 806
1520 754 805
1521 754 804
1522 754 803
1523 754 802
1524 754 801
1525 754 800
1526 754 798
1527 754 797
1528 754 796
1529 754 794
1530 755 793
1531 754 792
1532 755 790
1533 755 789
1534 755 787
1535 755 785
1536 755 784
1537 755 782
1538 755 780
1539 756 779
1540 756 777
1541 756 775
1542 756 774
1543 756 772
1544 757 770
1545 757 769
1546 756 767
1547 756 765
1548 757 763
1549 757 762
1550 757 760
1551 757 758
1552 757 757
1553 757 755
1554 757 753
1555 757 751
1556 758 750
1557 758 748
1558 758 746
1559 758 745
1560 758 743
1561 758 741
1562 758 740
1563 758 737
1564 758 736
1565 759 734
1566 759 733
1567 759 731
1568 759 729
1569 758 727
1570 759 725
1571 759 723
1572 759 721
1573 759 719
1574 760 717
1575 759 715
1576 759 713
1577 760 711
1578 760 709
1579 760 707
1580 760 705
1581 761 703
1582 760 700
1583 760 698
1584 761 696
1585 761 694
1586 761 692
1587 761 690
1588 761 688
1589 762 686
1590 762 684
1591 762 682
1592 762 680
1593 762 678
1594 763 675
1595 762 673
1596 763 671
1597 762 669
1598 763 667
1599 763 665
1600 763 662
1601 763 660
1602 763 659
1603 763 656
1604 764 655
1605 764 654
1606 764 653
1607 763 652
1608 764 652
1609 764 652
1610 764 651
1611 764 650
1612 764 650
1613 764 650
1614 764 650
1615 764 650
1616 763 650
1617 763 650
1618 763 650
1619 763 650
1620 763 650
1621 763 650
1622 763 651
1623 763 651
1624 763 651
1625 763 651
1626 763 651
1627 763 652
1628 763 652
1629 763 652
1630 763 652
1631 762 652
1632 762 652
1633 762 653
1634 762 653
1635 763 653
1636 763 653
1637 762 653
1638 762 653
1639 762 653
1640 762 653
1641 762 653
1642 762 653
1643 762 653
1644 762 653
1645 762 652
1646 761 651
1647 761 652
1648 761 651
1649 761 650
1650 760 650
1651 759 649
1652 759 649
1653 758 648
1654 757 647
1655 757 647
1656 756 646
1657 755 645
1658 755 644
1659 754 643
1660 753 642
1661 752 640
1662 751 639
1663 750 638
1664 749 636
1665 748 635
1666 746 632
1667 745 631
1668 744 630
1669 742 627
1670 741 626
1671 739 624
1672 738 623
1673 736 620
1674 735 619
1675 733 615
1676 731 615
1677 730 612
1678 728 611
1679 727 609
1680 725 606
1681 724 604
1682 722 602
1683 720 599
1684 718 597
1685 716 595
1686 715 592
1687 713 590
1688 712 587
1689 710 584
1690 707 581
1691 705 578
1692 703 575
1693 702 572
1694 700 569
1695 698 566
1696 696 563
1697 694 560
1698 692 556
1699 689 552
1700 687 549
1701 685 545
1702 683 541
1703 681 537
1704 678 533
1705 676 529
1706 674 525
1707 671 520
1708 669 516
1709 667 511
1710 663 506
1711 661 501
1712 659 496
1713 655 491
1714 653 486
1715 650 480
1716 647 475
1717 644 469
1718 641 463
1719 638 457
1720 635 451
1721 632 445
1722 628 438
1723 625 432
1724 621 425
1725 618 418
1726 614 410
1727 611 403
1728 607 396
1729 604 389
1730 601 381
1731 598 375
1732 594 368
1733 591 361
1734 588 354
1735 585 348
1736 582 341
1737 580 336
1738 577 329
1739 574 324
1740 572 318
1741 569 313
1742 566 307
1743 564 302
1744 562 298
1745 560 293
1746 558 289
1747 556 285
1748 555 282
1749 554 279
1750 552 276
1751 551 274
1752 549 271
1753 549 268
1754 548 266
1755 547 264
1756 547 262
1757 547 259
1758 546 257
1759 546 256
1760 546 253
1761 546 251
1762 546 249
1763 546 248
1764 546 246
1765 546 244
