start with initial picked point: (1060, 650), Output: frame, x, y
1 1054 649
2 1054 649
3 1054 650
4 1052 651
5 1052 650
6 1051 650
7 1052 651
8 1052 651
9 1052 651
10 1053 651
11 1052 652
12 1051 650
13 1051 651
14 1051 652
15 1051 652
16 1051 651
17 1051 651
18 1052 652
19 1052 652
20 1052 652
21 1053 652
22 1055 652
23 1056 651
24 1060 651
25 1060 652
26 1059 651
27 1058 652
28 1058 652
29 1056 652
30 1056 653
31 1055 653
32 1053 653
33 1055 653
34 1055 652
35 1055 652
36 1054 651
37 1054 652
38 1054 652
39 1054 652
40 1054 652
41 1054 652
42 1054 651
43 1054 652
44 1055 651
45 1055 652
46 1055 652
47 1055 653
48 1055 652
49 1054 652
50 1054 652
51 1055 652
52 1055 652
53 1055 651
54 1055 652
55 1056 651
56 1056 652
57 1058 651
58 1058 651
59 1055 651
60 1055 649
61 1055 651
62 1055 650
63 1054 651
64 1054 650
65 1053 650
66 1054 650
67 1053 649
68 1053 650
69 1054 650
70 1054 651
71 1054 650
72 1054 648
73 1056 651
74 1057 650
75 1057 651
76 1056 651
77 1054 651
78 1054 651
79 1053 650
80 1053 650
81 1054 651
82 1055 651
83 1055 650
84 1055 650
85 1055 650
86 1055 650
87 1055 649
88 1054 649
89 1054 649
90 1054 648
91 1052 648
92 1052 649
93 1052 648
94 1052 648
95 1052 648
96 1052 648
97 1052 649
98 1052 648
99 1052 648
100 1052 648
101 1051 648
102 1051 647
103 1051 646
104 1049 646
105 1049 646
106 1049 646
107 1049 647
108 1049 646
109 1047 645
110 1044 645
111 1044 645
112 1044 645
113 1036 644
114 1036 644
115 1034 644
116 1030 643
117 1028 644
118 1025 644
119 1022 644
120 1019 644
121 1016 644
122 1014 644
123 1009 644
124 1006 644
125 1005 643
126 1000 644
127 998 645
128 996 644
129 993 644
130 991 644
131 988 643
132 986 643
133 983 644
134 982 643
135 980 643
136 978 643
137 976 644
138 974 643
139 974 645
140 973 646
141 970 646
142 970 649
143 968 649
144 968 651
145 965 651
146 965 653
147 965 654
148 963 655
149 963 656
150 963 659
151 963 660
152 962 661
153 962 661
154 960 662
155 960 664
156 960 664
157 958 664
158 958 666
159 957 665
160 956 665
161 956 665
162 956 666
163 955 666
164 955 666
165 954 665
166 953 665
167 951 665
168 950 665
169 950 664
170 949 665
171 949 665
172 948 665
173 948 665
174 948 665
175 945 665
176 945 664
177 943 664
178 943 664
179 944 663
180 943 663
181 942 664
182 942 663
183 941 663
184 941 662
185 939 663
186 940 663
187 939 662
188 937 663
189 938 663
190 938 663
191 938 664
192 938 664
193 938 663
194 937 663
195 937 663
196 937 664
197 938 663
198 938 663
199 938 664
200 938 664
201 937 663
202 938 663
203 938 663
204 939 664
205 939 663
206 939 664
207 939 664
208 939 663
209 940 663
210 940 664
211 942 664
212 942 663
213 943 664
214 943 664
215 943 664
216 944 664
217 944 664
218 944 664
219 944 664
220 945 664
221 945 664
222 946 664
223 946 664
224 947 665
225 947 664
226 947 665
227 948 665
228 949 665
229 949 666
230 950 665
231 952 665
232 952 665
233 954 667
234 954 666
235 958 667
236 959 668
237 961 669
238 962 670
239 965 670
240 966 670
241 968 671
242 970 672
243 972 673
244 974 673
245 977 675
246 979 675
247 981 676
248 984 677
249 987 679
250 989 680
251 993 681
252 995 682
253 998 682
254 1001 684
255 1003 685
256 1007 686
257 1009 686
258 1012 688
259 1014 688
260 1016 689
261 1019 690
262 1020 691
263 1021 692
264 1024 692
265 1026 693
266 1028 694
267 1029 696
268 1032 696
269 1033 697
270 1036 697
271 1037 698
272 1037 699
273 1038 698
274 1040 699
275 1040 699
276 1041 699
277 1042 699
278 1043 699
279 1043 700
280 1044 700
281 1044 700
282 1047 701
283 1045 701
284 1047 701
285 1046 701
286 1047 701
287 1046 701
288 1048 702
289 1048 701
290 1048 702
291 1048 703
292 1048 702
293 1050 702
294 1050 703
295 1052 703
296 1052 702
297 1054 703
298 1056 703
299 1060 703
300 1063 704
301 1066 703
302 1069 703
303 1072 703
304 1075 703
305 1079 703
306 1083 702
307 1087 702
308 1093 702
309 1098 703
310 1103 702
311 1108 702
312 1115 702
313 1121 702
314 1129 702
315 1135 702
316 1142 703
317 1149 702
318 1156 702
319 1164 702
320 1171 701
321 1179 701
322 1188 702
323 1196 701
324 1204 702
325 1212 702
326 1222 702
327 1232 702
328 1241 701
329 1249 701
330 1256 701
331 1262 700
332 1269 700
333 1275 701
334 1281 700
335 1287 701
336 1291 701
337 1297 702
338 1302 701
339 1306 702
340 1308 702
341 1310 702
342 1313 702
343 1315 702
344 1318 702
345 1320 702
346 1321 702
347 1321 702
348 1325 702
349 1325 703
350 1327 702
351 1329 702
352 1329 703
353 1329 703
354 1330 702
355 1330 702
356 1331 702
357 1331 702
358 1331 702
359 1332 702
360 1332 701
361 1332 702
362 1332 701
363 1332 701
364 1334 701
365 1334 700
366 1334 699
367 1334 699
368 1334 699
369 1334 698
370 1334 697
371 1333 697
372 1333 696
373 1333 695
374 1333 695
375 1333 695
376 1330 694
377 1330 693
378 1328 692
379 1328 691
380 1328 690
381 1326 690
382 1326 689
383 1326 689
384 1325 688
385 1325 687
386 1325 686
387 1323 685
388 1323 684
389 1322 684
390 1322 684
391 1320 683
392 1320 682
393 1320 682
394 1319 681
395 1318 681
396 1318 681
397 1317 681
398 1316 680
399 1316 680
400 1315 679
401 1315 679
402 1315 679
403 1314 678
404 1313 678
405 1313 678
406 1312 678
407 1312 677
408 1311 677
409 1310 677
410 1309 676
411 1307 676
412 1307 675
413 1305 675
414 1304 675
415 1303 674
416 1301 675
417 1300 673
418 1299 672
419 1297 673
420 1296 671
421 1295 670
422 1294 670
423 1291 668
424 1289 669
425 1287 668
426 1286 667
427 1286 666
428 1284 665
429 1281 664
430 1281 664
431 1277 662
432 1277 662
433 1272 661
434 1272 660
435 1269 659
436 1267 657
437 1265 657
438 1265 655
439 1261 655
440 1261 653
441 1258 653
442 1255 650
443 1253 650
444 1250 648
445 1248 647
446 1247 646
447 1243 644
448 1242 643
449 1239 642
450 1238 640
451 1233 639
452 1232 637
453 1230 636
454 1225 635
455 1224 633
456 1221 632
457 1218 631
458 1216 628
459 1213 627
460 1210 626
461 1209 624
462 1206 622
463 1203 620
464 1199 620
465 1196 617
466 1194 615
467 1192 613
468 1188 612
469 1185 611
470 1183 608
471 1179 606
472 1176 605
473 1174 603
474 1171 601
475 1166 599
476 1165 597
477 1162 596
478 1155 591
479 1152 590
480 1149 588
481 1147 585
482 1144 585
483 1141 581
484 1136 580
485 1135 579
486 1133 575
487 1127 574
488 1126 572
489 1122 570
490 1117 567
491 1116 566
492 1114 565
493 1110 563
494 1107 561
495 1103 559
496 1102 558
497 1100 556
498 1096 553
499 1095 553
500 1093 551
501 1090 549
502 1090 549
503 1087 548
504 1087 547
505 1086 547
506 1084 546
507 1084 545
508 1083 544
509 1083 544
510 1082 544
511 1080 541
512 1080 542
513 1079 541
514 1076 540
515 1076 540
516 1074 539
517 1072 539
518 1068 538
519 1068 538
520 1066 537
521 1065 536
522 1063 535
523 1060 535
524 1054 535
525 1052 535
526 1047 535
527 1043 535
528 1038 534
529 1033 534
530 1029 534
531 1026 533
532 1019 534
533 1009 534
534 1004 535
535 997 535
536 988 535
537 982 536
538 977 536
539 968 536
540 957 537
541 946 538
542 937 538
543 928 538
544 918 540
545 907 541
546 907 541
547 891 540
548 880 541
549 870 542
550 860 543
551 847 545
552 836 546
553 825 547
554 814 548
555 803 549
556 793 550
557 780 551
558 770 552
559 758 553
560 749 553
561 737 554
562 726 554
563 715 556
564 705 557
565 695 558
566 683 560
567 672 560
568 657 562
569 647 564
570 636 563
571 626 564
572 615 565
573 607 567
574 597 568
575 586 567
576 579 568
577 572 570
578 563 570
579 557 570
580 550 572
581 544 572
582 539 573
583 534 573
584 530 576
585 527 575
586 525 578
587 520 578
588 516 577
589 516 579
590 514 580
591 511 580
592 510 580
593 510 580
594 505 580
595 504 580
596 503 581
597 499 581
598 496 580
599 492 580
600 490 580
601 487 581
602 484 581
603 481 581
604 476 581
605 472 581
606 468 581
607 464 580
608 459 580
609 454 580
610 449 581
611 444 581
612 439 581
613 432 581
614 426 581
615 423 581
616 418 581
617 413 580
618 410 580
619 407 580
620 402 580
621 399 580
622 396 580
623 393 579
624 393 580
625 388 579
626 387 580
627 385 580
628 383 580
629 383 580
630 381 578
631 379 578
632 378 579
633 378 579
634 377 578
635 376 578
636 375 578
637 373 577
638 373 577
639 373 577
640 373 578
641 373 576
642 373 576
643 374 577
644 375 576
645 375 576
646 378 576
647 381 577
648 384 577
649 388 577
650 391 577
651 396 578
652 401 577
653 406 578
654 412 578
655 418 577
656 426 578
657 434 579
658 443 580
659 452 580
660 461 580
661 470 580
662 481 581
663 493 582
664 503 581
665 514 581
666 526 583
667 538 583
668 551 584
669 564 585
670 576 585
671 589 586
672 601 586
673 613 587
674 626 587
675 638 588
676 651 590
677 664 590
678 677 591
679 689 592
680 701 593
681 714 593
682 727 595
683 738 596
684 752 597
685 763 599
686 776 600
687 787 601
688 798 602
689 811 602
690 821 603
691 830 605
692 841 605
693 852 607
694 862 609
695 874 609
696 883 611
697 892 612
698 902 613
699 911 613
700 920 615
701 929 616
702 937 617
703 945 619
704 954 620
705 962 621
706 971 623
707 977 623
708 986 625
709 993 626
710 1002 628
711 1009 629
712 1017 629
713 1023 630
714 1030 631
715 1036 633
716 1043 633
717 1047 634
718 1055 635
719 1061 635
720 1067 637
721 1074 639
722 1080 641
723 1085 641
724 1090 642
725 1095 644
726 1099 645
727 1106 646
728 1112 648
729 1118 649
730 1121 650
731 1128 651
732 1133 653
733 1138 654
734 1145 656
735 1150 658
736 1156 660
737 1162 661
738 1167 663
739 1171 663
740 1176 666
741 1182 668
742 1186 669
743 1192 672
744 1198 674
745 1201 676
746 1206 677
747 1211 679
748 1215 681
749 1221 683
750 1225 684
751 1231 686
752 1234 689
753 1239 690
754 1243 692
755 1248 694
756 1253 696
757 1257 697
758 1261 700
759 1265 701
760 1269 703
761 1274 706
762 1277 707
763 1281 709
764 1285 712
765 1290 714
766 1294 716
767 1297 717
768 1300 718
769 1303 720
770 1306 722
771 1309 724
772 1312 726
773 1314 727
774 1318 730
775 1322 731
776 1325 734
777 1327 735
778 1330 737
779 1331 739
780 1334 740
781 1336 742
782 1337 744
783 1342 744
784 1342 746
785 1343 748
786 1346 749
787 1348 750
788 1349 751
789 1353 752
790 1354 754
791 1355 754
792 1356 754
793 1357 756
794 1357 757
795 1358 758
796 1359 758
797 1361 758
798 1362 759
799 1361 759
800 1361 759
801 1361 760
802 1362 761
803 1362 761
804 1363 762
805 1363 762
806 1362 762
807 1362 762
808 1362 762
809 1363 762
810 1363 762
811 1363 763
812 1362 763
813 1362 763
814 1362 763
815 1362 764
816 1362 764
817 1361 764
818 1361 764
819 1360 764
820 1360 764
821 1360 764
822 1359 765
823 1358 765
824 1356 765
825 1354 766
826 1352 766
827 1350 766
828 1348 766
829 1345 766
830 1343 766
831 1339 766
832 1334 766
833 1331 766
834 1326 766
835 1322 765
836 1317 765
837 1311 766
838 1306 766
839 1301 766
840 1296 766
841 1290 766
842 1281 766
843 1274 766
844 1268 767
845 1262 767
846 1256 767
847 1249 766
848 1241 765
849 1234 765
850 1225 766
851 1219 766
852 1211 766
853 1205 765
854 1197 766
855 1190 766
856 1181 766
857 1174 765
858 1168 765
859 1162 766
860 1154 766
861 1149 766
862 1142 766
863 1138 766
864 1132 766
865 1127 766
866 1123 766
867 1119 766
868 1116 766
869 1113 767
870 1110 768
871 1109 767
872 1106 768
873 1104 768
874 1101 769
875 1100 768
876 1097 768
877 1095 768
878 1093 768
879 1091 768
880 1089 768
881 1089 768
882 1086 768
883 1084 769
884 1083 768
885 1082 768
886 1080 768
887 1078 768
888 1077 768
889 1075 767
890 1073 767
891 1067 767
892 1064 767
893 1060 767
894 1057 767
895 1053 767
896 1050 767
897 1046 766
898 1042 766
899 1039 766
900 1034 766
901 1029 766
902 1024 765
903 1019 765
904 1015 765
905 1012 765
906 1007 764
907 1001 764
908 997 764
909 994 764
910 990 763
911 986 763
912 983 764
913 981 764
914 978 764
915 975 764
916 972 763
917 970 764
918 968 763
919 966 764
920 964 763
921 962 763
922 961 764
923 960 764
924 960 764
925 960 764
926 958 764
927 958 764
928 958 765
929 956 764
930 956 765
931 955 765
932 954 765
933 953 765
934 952 765
935 952 764
936 951 764
937 951 765
938 949 764
939 949 764
940 947 764
941 946 764
942 944 764
943 944 763
944 943 762
945 941 762
946 940 761
947 938 761
948 936 761
949 934 760
950 932 761
951 929 760
952 928 760
953 927 758
954 923 759
955 921 758
956 917 757
957 916 756
958 912 755
959 908 755
960 904 754
961 901 752
962 895 752
963 891 751
964 887 750
965 882 750
966 877 749
967 871 747
968 863 747
969 860 746
970 854 744
971 848 743
972 839 743
973 833 742
974 826 741
975 823 740
976 816 738
977 811 737
978 800 736
979 795 733
980 787 734
981 783 733
982 777 732
983 773 731
984 767 729
985 763 729
986 759 728
987 755 727
988 751 726
989 747 727
990 743 726
991 741 725
992 737 725
993 736 726
994 733 725
995 732 725
996 731 724
997 730 725
998 729 725
999 728 724
1000 727 724
1001 726 724
1002 725 723
1003 724 723
1004 724 723
1005 723 723
1006 721 722
1007 722 722
1008 721 721
1009 720 721
1010 719 721
1011 719 722
1012 719 722
1013 719 721
1014 718 722
1015 718 721
1016 719 721
1017 717 721
1018 717 720
1019 717 720
1020 718 721
1021 717 720
1022 718 721
1023 717 721
1024 717 722
1025 719 722
1026 719 722
1027 717 722
1028 718 723
1029 718 724
1030 718 724
1031 718 724
1032 718 724
1033 718 725
1034 718 725
1035 717 724
1036 718 725
1037 718 725
1038 718 725
1039 718 725
1040 719 725
1041 719 725
1042 719 726
1043 719 726
1044 719 726
1045 721 726
1046 721 727
1047 719 727
1048 720 727
1049 720 727
1050 722 727
1051 721 727
1052 721 727
1053 720 728
1054 720 728
1055 721 728
1056 722 728
1057 721 727
1058 721 728
1059 724 727
1060 724 728
1061 724 729
1062 723 729
1063 725 729
1064 724 729
1065 725 730
1066 724 729
1067 725 729
1068 726 730
1069 727 730
1070 728 729
1071 729 730
1072 730 730
1073 733 730
1074 734 729
1075 734 730
1076 738 730
1077 741 729
1078 744 728
1079 748 730
1080 750 729
1081 757 730
1082 759 729
1083 762 728
1084 768 729
1085 773 730
1086 776 730
1087 781 730
1088 785 729
1089 789 729
1090 795 729
1091 801 730
1092 806 728
1093 813 728
1094 818 730
1095 823 730
1096 826 730
1097 833 730
1098 839 730
1099 846 729
1100 852 730
1101 858 730
1102 861 730
1103 866 730
1104 874 730
1105 880 730
1106 887 730
1107 892 730
1108 896 730
1109 901 730
1110 906 730
1111 911 731
1112 915 731
1113 920 731
1114 920 731
1115 926 732
1116 930 732
1117 933 732
1118 937 732
1119 940 732
1120 944 732
1121 948 731
1122 951 731
1123 953 733
1124 955 732
1125 956 733
1126 958 732
1127 959 733
1128 963 734
1129 965 734
1130 966 733
1131 967 733
1132 966 733
1133 968 733
1134 968 733
1135 968 732
1136 968 732
1137 967 732
1138 966 732
1139 965 731
1140 964 731
1141 962 731
1142 960 730
1143 958 730
1144 957 729
1145 957 729
1146 952 728
1147 948 728
1148 946 726
1149 945 725
1150 940 725
1151 936 725
1152 932 724
1153 928 723
1154 925 722
1155 919 721
1156 914 721
1157 909 718
1158 903 718
1159 901 717
1160 894 716
1161 891 714
1162 887 713
1163 878 712
1164 872 711
1165 864 710
1166 860 708
1167 852 707
1168 845 706
1169 838 704
1170 833 704
1171 827 702
1172 818 700
1173 811 699
1174 804 698
1175 799 695
1176 788 695
1177 783 693
1178 775 692
1179 767 690
1180 758 688
1181 752 686
1182 742 686
1183 731 683
1184 724 682
1185 717 679
1186 708 678
1187 700 677
1188 691 675
1189 682 673
1190 671 671
1191 662 670
1192 654 668
1193 644 666
1194 635 664
1195 625 662
1196 615 660
1197 607 658
1198 598 656
1199 588 654
1200 580 653
1201 572 651
1202 564 648
1203 555 647
1204 548 645
1205 541 643
1206 534 642
1207 528 640
1208 522 639
1209 516 637
1210 512 636
1211 509 636
1212 505 635
1213 501 635
1214 499 634
1215 497 632
1216 494 631
1217 492 630
1218 490 629
1219 488 628
1220 486 628
1221 485 626
1222 484 625
1223 483 625
1224 482 624
1225 480 623
1226 480 623
1227 479 621
1228 478 621
1229 477 620
1230 477 620
1231 476 619
1232 476 619
1233 476 618
1234 475 618
1235 475 618
1236 475 617
1237 473 617
1238 474 617
1239 474 616
1240 474 617
1241 474 616
1242 474 616
1243 474 616
1244 474 616
1245 474 617
1246 474 616
1247 474 616
1248 475 617
1249 475 616
1250 474 617
1251 475 617
1252 475 618
1253 475 617
1254 475 618
1255 475 617
1256 477 619
1257 477 619
1258 478 619
1259 479 620
1260 481 620
1261 481 620
1262 483 621
1263 485 621
1264 488 622
1265 489 623
1266 492 624
1267 494 625
1268 497 626
1269 500 626
1270 504 628
1271 507 629
1272 510 630
1273 515 632
1274 518 633
1275 524 635
1276 529 636
1277 534 637
1278 539 638
1279 544 641
1280 550 642
1281 555 644
1282 562 646
1283 568 648
1284 574 650
1285 580 651
1286 586 653
1287 592 655
1288 598 657
1289 605 659
1290 611 661
1291 618 662
1292 624 665
1293 630 666
1294 638 668
1295 644 670
1296 651 672
1297 655 674
1298 661 675
1299 669 676
1300 676 678
1301 682 680
1302 687 682
1303 693 684
1304 699 685
1305 704 686
1306 709 689
1307 716 691
1308 723 692
1309 730 694
1310 736 696
1311 741 698
1312 746 700
1313 752 702
1314 756 702
1315 763 704
1316 769 706
1317 776 708
1318 780 709
1319 784 711
1320 790 712
1321 794 714
1322 801 716
1323 806 717
1324 812 719
1325 815 721
1326 820 723
1327 824 724
1328 830 726
1329 836 727
1330 840 728
1331 846 730
1332 850 732
1333 855 733
1334 860 734
1335 862 736
1336 869 738
1337 872 740
1338 878 741
1339 882 743
1340 887 744
1341 889 746
1342 894 747
1343 899 749
1344 904 751
1345 908 753
1346 912 753
1347 917 755
1348 920 756
1349 925 758
1350 929 760
1351 933 761
1352 937 763
1353 942 764
1354 945 765
1355 949 767
1356 952 767
1357 955 769
1358 959 771
1359 962 772
1360 967 773
1361 971 775
1362 974 776
1363 977 777
1364 982 779
1365 986 780
1366 990 781
1367 994 783
1368 998 784
1369 1001 785
1370 1004 786
1371 1008 788
1372 1011 789
1373 1015 791
1374 1018 792
1375 1021 792
1376 1025 794
1377 1028 795
1378 1032 797
1379 1035 798
1380 1039 799
1381 1042 800
1382 1045 801
1383 1049 802
1384 1053 803
1385 1056 805
1386 1058 806
1387 1063 807
1388 1065 808
1389 1069 809
1390 1072 810
1391 1076 811
1392 1079 812
1393 1082 813
1394 1085 814
1395 1088 815
1396 1092 816
1397 1093 816
1398 1096 818
1399 1100 818
1400 1100 819
1401 1103 820
1402 1105 821
1403 1108 822
1404 1111 822
1405 1111 823
1406 1112 824
1407 1114 824
1408 1115 825
1409 1116 825
1410 1118 825
1411 1119 825
1412 1120 826
1413 1121 826
1414 1122 827
1415 1122 827
1416 1123 827
1417 1123 827
1418 1124 828
1419 1124 828
1420 1125 828
1421 1125 828
1422 1125 829
1423 1125 828
1424 1125 828
1425 1125 828
1426 1125 829
1427 1125 829
1428 1126 829
1429 1126 829
1430 1126 829
1431 1126 829
1432 1126 829
1433 1126 829
1434 1125 829
1435 1126 829
1436 1126 829
1437 1126 828
1438 1125 827
1439 1126 826
1440 1126 826
1441 1126 825
1442 1126 824
1443 1126 823
1444 1126 822
1445 1126 821
1446 1126 820
1447 1126 819
1448 1126 817
1449 1125 817
1450 1126 815
1451 1126 814
1452 1126 812
1453 1126 810
1454 1126 809
1455 1127 808
1456 1126 806
1457 1126 805
1458 1126 803
1459 1126 802
1460 1126 801
1461 1126 799
1462 1126 798
1463 1126 796
1464 1126 795
1465 1126 793
1466 1126 791
1467 1125 790
1468 1126 788
1469 1126 787
1470 1127 785
1471 1126 784
1472 1126 782
1473 1127 781
1474 1126 780
1475 1125 778
1476 1125 777
1477 1125 775
1478 1125 774
1479 1125 772
1480 1125 771
1481 1126 769
1482 1125 768
1483 1125 766
1484 1125 764
1485 1126 763
1486 1126 761
1487 1126 759
1488 1126 758
1489 1126 756
1490 1125 754
1491 1125 753
1492 1126 751
1493 1126 749
1494 1126 746
1495 1127 745
1496 1127 743
1497 1127 742
1498 1128 740
1499 1126 737
1500 1127 736
1501 1126 734
1502 1128 732
1503 1128 731
1504 1128 729
1505 1127 728
1506 1127 726
1507 1128 723
1508 1128 722
1509 1127 719
1510 1128 717
1511 1128 716
1512 1128 714
1513 1127 712
1514 1127 710
1515 1127 708
1516 1126 706
1517 1127 704
1518 1127 703
1519 1128 700
1520 1127 698
1521 1128 696
1522 1129 695
1523 1127 694
1524 1128 693
1525 1128 692
1526 1128 692
1527 1128 691
1528 1127 691
1529 1128 691
1530 1128 691
1531 1128 690
1532 1127 690
1533 1128 690
1534 1128 690
1535 1129 690
1536 1128 690
1537 1128 690
1538 1128 691
1539 1127 691
1540 1128 690
1541 1128 690
1542 1129 691
1543 1129 691
1544 1128 691
1545 1129 691
1546 1128 692
1547 1128 692
1548 1127 692
1549 1127 692
1550 1127 692
1551 1126 692
1552 1126 692
1553 1126 692
1554 1126 693
1555 1126 692
1556 1127 693
1557 1127 693
1558 1127 693
1559 1127 692
1560 1127 693
1561 1127 692
1562 1126 693
1563 1126 692
1564 1126 692
1565 1126 692
1566 1125 692
1567 1124 691
1568 1123 691
1569 1121 691
1570 1120 690
1571 1119 692
1572 1119 690
1573 1116 690
1574 1114 689
1575 1114 689
1576 1112 688
1577 1110 688
1578 1108 686
1579 1107 685
1580 1103 685
1581 1101 684
1582 1098 684
1583 1096 682
1584 1093 682
1585 1091 680
1586 1088 680
1587 1085 679
1588 1082 678
1589 1079 676
1590 1076 676
1591 1073 674
1592 1071 673
1593 1066 672
1594 1061 672
1595 1060 669
1596 1054 669
1597 1051 667
1598 1047 666
1599 1044 664
1600 1038 664
1601 1035 662
1602 1032 660
1603 1027 659
1604 1023 658
1605 1021 656
1606 1016 655
1607 1010 654
1608 1007 652
1609 1002 650
1610 998 649
1611 992 647
1612 988 645
1613 983 643
1614 978 642
1615 973 641
1616 969 639
1617 964 637
1618 959 635
1619 954 632
1620 949 630
1621 942 629
1622 938 627
1623 934 624
1624 927 622
1625 920 620
1626 914 618
1627 909 616
1628 902 613
1629 895 611
1630 890 608
1631 884 606
1632 878 603
1633 871 601
1634 865 597
1635 857 595
1636 849 592
1637 843 590
1638 835 586
1639 828 583
1640 820 581
1641 813 577
1642 804 574
1643 797 571
1644 790 567
1645 782 563
1646 774 561
1647 767 556
1648 760 554
1649 752 550
1650 745 547
1651 738 543
1652 731 541
1653 724 536
1654 718 533
1655 711 531
1656 704 528
1657 698 525
1658 693 523
1659 688 520
1660 682 517
1661 676 515
1662 673 513
1663 668 511
1664 665 509
1665 662 507
1666 657 505
1667 655 504
1668 652 503
1669 649 501
1670 648 500
1671 646 500
1672 645 499
1673 644 497
1674 643 496
1675 642 494
1676 642 494
1677 641 491
1678 640 491
1679 639 489
1680 638 488
1681 638 487
1682 637 486
1683 637 485
1684 637 484
1685 636 483
1686 636 482
1687 634 481
1688 634 480
1689 635 480
1690 635 479
1691 635 478
1692 635 478
1693 635 478
1694 635 477
1695 635 477
1696 635 476
1697 635 477
1698 635 476
1699 635 476
1700 636 475
1701 636 475
1702 636 475
1703 637 475
1704 637 475
1705 638 475
1706 639 475
1707 638 475
1708 639 475
1709 639 475
1710 640 475
1711 640 475
1712 640 475
1713 641 475
1714 642 475
1715 642 475
1716 643 475
1717 644 476
1718 644 476
1719 643 478
1720 644 479
1721 644 481
1722 644 482
1723 644 485
1724 645 488
1725 645 490
1726 645 493
1727 645 496
1728 645 498
1729 646 501
1730 646 503
1731 646 506
1732 645 508
1733 645 512
1734 645 515
1735 645 519
1736 645 522
1737 645 525
1738 645 529
1739 644 534
1740 644 538
1741 643 543
1742 643 547
1743 644 550
1744 644 555
1745 643 558
1746 643 562
1747 643 564
1748 643 567
1749 643 568
1750 643 570
1751 643 571
1752 643 573
1753 643 573
1754 643 574
1755 644 574
1756 643 574
1757 643 574
1758 643 575
1759 642 574
1760 642 575
1761 642 574
1762 640 574
1763 641 574
1764 641 574
1765 640 573
1766 640 573
1767 640 573
1768 640 573
1769 640 572
1770 639 572
